k1-dc_rp1 = [5,2,2,2,6,2,
    3,5,5,5,5,5,
    3,3,5,5,5,5,
    3,3,3,5,5,4,
    3,3,3,3,5,5,
    2,3,3,3,3,5];

dc_rp1 = [2,6,2,
    5,5,5,
    5,5,5,
    5,5,4,
    3,5,5,
    3,3,5];